[0000000000000100010100010]
[0000000000001000101000100]
[0000000000001100100100110]
[0000000000010001010001000]
[0000000000011001001001100]
[0000000000011101000101110]
[0000000010001010001000000]
[0000000010001010010100010]
[0000000010001010100100110]
[0000000010011011000101110]
[0000000100010100010000000]
[0000000100010100100100110]
[0000000100010100101000100]
[0000000100010101000101110]
[0000000100010101001001100]
[0000000110010010010100010]
[0000000110010010011000000]
[0000000110010010100100110]
[0000000110010010101000100]
[0000000110010011000101110]
[0000000110010011001001100]
[0000001000101000100000000]
[0000001000101001001001100]
[0000001000101001010001000]
[0000001000101101000101110]
[0000001010101011000101110]
[0000001100100100100100110]
[0000001100100100101000100]
[0000001100100100110000000]
[0000001100100101000101110]
[0000001100100101001001100]
[0000001100100101010001000]
[0000001110100010100100110]
[0000001110100010101000100]
[0000001110100010110100010]
[0000001110100010111000000]
[0000001110100011000101110]
[0000001110100011001001100]
[0000001110100011010101010]
[0000001110100011011001000]
[0001000101000100000000000]
[0001000101001010001000000]
[0001000101001010010100010]
[0001000101001010100100110]
[0001000101010010010100010]
[0001000101010010011000000]
[0001000101010010100100110]
[0001000101010010101000100]
[0001000101010011000101110]
[0001000101010011001001100]
[0001001101100010100100110]
[0001001101100010101000100]
[0001001101100010110100010]
[0001001101100010111000000]
[0001001101100011000101110]
[0001001101100011001001100]
[0001001101100011010101010]
[0001001101100011011001000]
[0010001010001000000000000]
[0010001010010010010100010]
[0010001010010010011000000]
[0010001010010010100100110]
[0010001010010010101000100]
[0010001010010011000101110]
[0010001010010011001001100]
[0010001010010100010000000]
[0010001010010100100100110]
[0010001010010100101000100]
[0010001010010101000101110]
[0010001010010101001001100]
[0010001010100010100100110]
[0010001010100010101000100]
[0010001010100010110100010]
[0010001010100010111000000]
[0010001010100011000101110]
[0010001010100011001001100]
[0010001010100011010101010]
[0010001010100011011001000]
[0010001010100100100100110]
[0010001010100100101000100]
[0010001010100100110000000]
[0010001010100101000101110]
[0010001010100101001001100]
[0010001010100101010001000]
[0011001001001010001000000]
[0011001001001010010100010]
[0011001001001010100100110]
[0011001001001100000000000]
[0011001001010010010100010]
[0011001001010010011000000]
[0011001001010010100100110]
[0011001001010010101000100]
[0011001001010011000101110]
[0011001001010011001001100]
[0011001001010100010000000]
[0011001001010100100100110]
[0011001001010100101000100]
[0011001001010101000101110]
[0011001001010101001001100]
[0011001001100010100100110]
[0011001001100010101000100]
[0011001001100010110100010]
[0011001001100010111000000]
[0011001001100011000101110]
[0011001001100011001001100]
[0011001001100011010101010]
[0011001001100011011001000]
[0011001001100100100100110]
[0011001001100100101000100]
[0011001001100100110000000]
[0011001001100101000101110]
[0011001001100101001001100]
[0011001001100101010001000]
[0100010100010000000000000]
[0100010100100100100100110]
[0100010100100100101000100]
[0100010100100100110000000]
[0100010100100101000101110]
[0100010100100101001001100]
[0100010100100101010001000]
[0100010100101000100000000]
[0100010100101001001001100]
[0100010100101001010001000]
[0100010110100010100100110]
[0100010110100010101000100]
[0100010110100010110100010]
[0100010110100010111000000]
[0100010110100011000101110]
[0100010110100011001001100]
[0100010110100011010101010]
[0100010110100011011001000]
[0101010101100010100100110]
[0101010101100010101000100]
[0101010101100010110100010]
[0101010101100010111000000]
[0101010101100011000101110]
[0101010101100011001001100]
[0101010101100011010101010]
[0101010101100011011001000]
[0110010010010010010100010]
[0110010010010010011000000]
[0110010010010010100100110]
[0110010010010010101000100]
[0110010010010011000101110]
[0110010010010011001001100]
[0110010010010100010000000]
[0110010010010100100100110]
[0110010010010100101000100]
[0110010010010101000101110]
[0110010010010101001001100]
[0110010010011000000000000]
[0110010010100010100100110]
[0110010010100010101000100]
[0110010010100010110100010]
[0110010010100010111000000]
[0110010010100011000101110]
[0110010010100011001001100]
[0110010010100011010101010]
[0110010010100011011001000]
[0110010010100100100100110]
[0110010010100100101000100]
[0110010010100100110000000]
[0110010010100101000101110]
[0110010010100101001001100]
[0110010010100101010001000]
[0110010010101000100000000]
[0110010010101001001001100]
[0110010010101001010001000]
[0111010001010010010100010]
[0111010001010010011000000]
[0111010001010010100100110]
[0111010001010010101000100]
[0111010001010011000101110]
[0111010001010011001001100]
[0111010001010100010000000]
[0111010001010100100100110]
[0111010001010100101000100]
[0111010001010101000101110]
[0111010001010101001001100]
[0111010001011010001000000]
[0111010001011100000000000]
[0111010001100010100100110]
[0111010001100010101000100]
[0111010001100010110100010]
[0111010001100010111000000]
[0111010001100011000101110]
[0111010001100011001001100]
[0111010001100011010101010]
[0111010001100011011001000]
[0111010001100100100100110]
[0111010001100100101000100]
[0111010001100100110000000]
[0111010001100101000101110]
[0111010001100101001001100]
[0111010001100101010001000]
[0111010001101010101000000]
[0111010001101100100000000]
